8 100
65 64 67 68 71 73 72 66 70 69 38 34 37 41 40 42 36 39 43 35 63 59 58 54 60 55 61 62 57 56 100 98 94 97 99 95 96  1  2  3 27 33 31 30 24 29 28 32 25 26 74 81 83 82 77 78 75 79 80 76 53 49 51 44 47 46 45 50 52 48 11  9  8 13 10  5  6  4  7 12 85 93 90 87 86 91 84 92 88 89 16 19 23 21 17 18 14 22 15 20
45 44 47 48 51 53 52 46 50 49 18 14 17 21 20 22 16 19 23 15 43 39 38 34 40 35 41 42 37 36 80 78 74 77 79 75 76 81 82 83  7 13 11 10  4  9  8 12  5  6 54 61 63 62 57 58 55 59 60 56 33 29 31 24 27 26 25 30 32 28 91 89 88 93 90 85 86 84 87 92 65 73 70 67 66 71 64 72 68 69 96 99  3  1 97 98 94  2 95 100
25 24 27 28 31 33 32 26 30 29 98 94 97  1 100  2 96 99  3 95 23 19 18 14 20 15 21 22 17 16 60 58 54 57 59 55 56 61 62 63 87 93 91 90 84 89 88 92 85 86 34 41 43 42 37 38 35 39 40 36 13  9 11  4  7  6  5 10 12  8 71 69 68 73 70 65 66 64 67 72 45 53 50 47 46 51 44 52 48 49 76 79 83 81 77 78 74 82 75 80
35 34 37 38 41 43 42 36 40 39  8  4  7 11 10 12  6  9 13  5 33 29 28 24 30 25 31 32 27 26 70 68 64 67 69 65 66 71 72 73 97  3  1 100 94 99 98  2 95 96 44 51 53 52 47 48 45 49 50 46 23 19 21 14 17 16 15 20 22 18 81 79 78 83 80 75 76 74 77 82 55 63 60 57 56 61 54 62 58 59 86 89 93 91 87 88 84 92 85 90
95 94 97 98  1  3  2 96 100 99 68 64 67 71 70 72 66 69 73 65 93 89 88 84 90 85 91 92 87 86 30 28 24 27 29 25 26 31 32 33 57 63 61 60 54 59 58 62 55 56  4 11 13 12  7  8  5  9 10  6 83 79 81 74 77 76 75 80 82 78 41 39 38 43 40 35 36 34 37 42 15 23 20 17 16 21 14 22 18 19 46 49 53 51 47 48 44 52 45 50
85 84 87 88 91 93 92 86 90 89 58 54 57 61 60 62 56 59 63 55 83 79 78 74 80 75 81 82 77 76 20 18 14 17 19 15 16 21 22 23 47 53 51 50 44 49 48 52 45 46 94  1  3  2 97 98 95 99 100 96 73 69 71 64 67 66 65 70 72 68 31 29 28 33 30 25 26 24 27 32  5 13 10  7  6 11  4 12  8  9 36 39 43 41 37 38 34 42 35 40
15 14 17 18 21 23 22 16 20 19 88 84 87 91 90 92 86 89 93 85 13  9  8  4 10  5 11 12  7  6 50 48 44 47 49 45 46 51 52 53 77 83 81 80 74 79 78 82 75 76 24 31 33 32 27 28 25 29 30 26  3 99  1 94 97 96 95 100  2 98 61 59 58 63 60 55 56 54 57 62 35 43 40 37 36 41 34 42 38 39 66 69 73 71 67 68 64 72 65 70
75 74 77 78 81 83 82 76 80 79 48 44 47 51 50 52 46 49 53 45 73 69 68 64 70 65 71 72 67 66 10  8  4  7  9  5  6 11 12 13 37 43 41 40 34 39 38 42 35 36 84 91 93 92 87 88 85 89 90 86 63 59 61 54 57 56 55 60 62 58 21 19 18 23 20 15 16 14 17 22 95  3 100 97 96  1 94  2 98 99 26 29 33 31 27 28 24 32 25 30
 5  4  7  8 11 13 12  6 10  9 78 74 77 81 80 82 76 79 83 75  3 99 98 94 100 95  1  2 97 96 40 38 34 37 39 35 36 41 42 43 67 73 71 70 64 69 68 72 65 66 14 21 23 22 17 18 15 19 20 16 93 89 91 84 87 86 85 90 92 88 51 49 48 53 50 45 46 44 47 52 25 33 30 27 26 31 24 32 28 29 56 59 63 61 57 58 54 62 55 60
55 54 57 58 61 63 62 56 60 59 28 24 27 31 30 32 26 29 33 25 53 49 48 44 50 45 51 52 47 46 90 88 84 87 89 85 86 91 92 93 17 23 21 20 14 19 18 22 15 16 64 71 73 72 67 68 65 69 70 66 43 39 41 34 37 36 35 40 42 38  1 99 98  3 100 95 96 94 97  2 75 83 80 77 76 81 74 82 78 79  6  9 13 11  7  8  4 12  5 10
50 49 52 53 56 58 57 51 55 54 23 19 22 26 25 27 21 24 28 20 48 44 43 39 45 40 46 47 42 41 85 83 79 82 84 80 81 86 87 88 12 18 16 15  9 14 13 17 10 11 59 66 68 67 62 63 60 64 65 61 38 34 36 29 32 31 30 35 37 33 96 94 93 98 95 90 91 89 92 97 70 78 75 72 71 76 69 77 73 74  1  4  8  6  2  3 99  7 100  5
20 19 22 23 26 28 27 21 25 24 93 89 92 96 95 97 91 94 98 90 18 14 13  9 15 10 16 17 12 11 55 53 49 52 54 50 51 56 57 58 82 88 86 85 79 84 83 87 80 81 29 36 38 37 32 33 30 34 35 31  8  4  6 99  2  1 100  5  7  3 66 64 63 68 65 60 61 59 62 67 40 48 45 42 41 46 39 47 43 44 71 74 78 76 72 73 69 77 70 75
40 39 42 43 46 48 47 41 45 44 13  9 12 16 15 17 11 14 18 10 38 34 33 29 35 30 36 37 32 31 75 73 69 72 74 70 71 76 77 78  2  8  6  5 99  4  3  7 100  1 49 56 58 57 52 53 50 54 55 51 28 24 26 19 22 21 20 25 27 23 86 84 83 88 85 80 81 79 82 87 60 68 65 62 61 66 59 67 63 64 91 94 98 96 92 93 89 97 90 95
100 99  2  3  6  8  7  1  5  4 73 69 72 76 75 77 71 74 78 70 98 94 93 89 95 90 96 97 92 91 35 33 29 32 34 30 31 36 37 38 62 68 66 65 59 64 63 67 60 61  9 16 18 17 12 13 10 14 15 11 88 84 86 79 82 81 80 85 87 83 46 44 43 48 45 40 41 39 42 47 20 28 25 22 21 26 19 27 23 24 51 54 58 56 52 53 49 57 50 55
60 59 62 63 66 68 67 61 65 64 33 29 32 36 35 37 31 34 38 30 58 54 53 49 55 50 56 57 52 51 95 93 89 92 94 90 91 96 97 98 22 28 26 25 19 24 23 27 20 21 69 76 78 77 72 73 70 74 75 71 48 44 46 39 42 41 40 45 47 43  6  4  3  8  5 100  1 99  2  7 80 88 85 82 81 86 79 87 83 84 11 14 18 16 12 13  9 17 10 15
90 89 92 93 96 98 97 91 95 94 63 59 62 66 65 67 61 64 68 60 88 84 83 79 85 80 86 87 82 81 25 23 19 22 24 20 21 26 27 28 52 58 56 55 49 54 53 57 50 51 99  6  8  7  2  3 100  4  5  1 78 74 76 69 72 71 70 75 77 73 36 34 33 38 35 30 31 29 32 37 10 18 15 12 11 16  9 17 13 14 41 44 48 46 42 43 39 47 40 45
30 29 32 33 36 38 37 31 35 34  3 99  2  6  5  7  1  4  8 100 28 24 23 19 25 20 26 27 22 21 65 63 59 62 64 60 61 66 67 68 92 98 96 95 89 94 93 97 90 91 39 46 48 47 42 43 40 44 45 41 18 14 16  9 12 11 10 15 17 13 76 74 73 78 75 70 71 69 72 77 50 58 55 52 51 56 49 57 53 54 81 84 88 86 82 83 79 87 80 85
10  9 12 13 16 18 17 11 15 14 83 79 82 86 85 87 81 84 88 80  8  4  3 99  5 100  6  7  2  1 45 43 39 42 44 40 41 46 47 48 72 78 76 75 69 74 73 77 70 71 19 26 28 27 22 23 20 24 25 21 98 94 96 89 92 91 90 95 97 93 56 54 53 58 55 50 51 49 52 57 30 38 35 32 31 36 29 37 33 34 61 64 68 66 62 63 59 67 60 65
80 79 82 83 86 88 87 81 85 84 53 49 52 56 55 57 51 54 58 50 78 74 73 69 75 70 76 77 72 71 15 13  9 12 14 10 11 16 17 18 42 48 46 45 39 44 43 47 40 41 89 96 98 97 92 93 90 94 95 91 68 64 66 59 62 61 60 65 67 63 26 24 23 28 25 20 21 19 22 27 100  8  5  2  1  6 99  7  3  4 31 34 38 36 32 33 29 37 30 35
70 69 72 73 76 78 77 71 75 74 43 39 42 46 45 47 41 44 48 40 68 64 63 59 65 60 66 67 62 61  5  3 99  2  4 100  1  6  7  8 32 38 36 35 29 34 33 37 30 31 79 86 88 87 82 83 80 84 85 81 58 54 56 49 52 51 50 55 57 53 16 14 13 18 15 10 11  9 12 17 90 98 95 92 91 96 89 97 93 94 21 24 28 26 22 23 19 27 20 25
94 93 96 97 100  2  1 95 99 98 67 63 66 70 69 71 65 68 72 64 92 88 87 83 89 84 90 91 86 85 29 27 23 26 28 24 25 30 31 32 56 62 60 59 53 58 57 61 54 55  3 10 12 11  6  7  4  8  9  5 82 78 80 73 76 75 74 79 81 77 40 38 37 42 39 34 35 33 36 41 14 22 19 16 15 20 13 21 17 18 45 48 52 50 46 47 43 51 44 49
 4  3  6  7 10 12 11  5  9  8 77 73 76 80 79 81 75 78 82 74  2 98 97 93 99 94 100  1 96 95 39 37 33 36 38 34 35 40 41 42 66 72 70 69 63 68 67 71 64 65 13 20 22 21 16 17 14 18 19 15 92 88 90 83 86 85 84 89 91 87 50 48 47 52 49 44 45 43 46 51 24 32 29 26 25 30 23 31 27 28 55 58 62 60 56 57 53 61 54 59
64 63 66 67 70 72 71 65 69 68 37 33 36 40 39 41 35 38 42 34 62 58 57 53 59 54 60 61 56 55 99 97 93 96 98 94 95 100  1  2 26 32 30 29 23 28 27 31 24 25 73 80 82 81 76 77 74 78 79 75 52 48 50 43 46 45 44 49 51 47 10  8  7 12  9  4  5  3  6 11 84 92 89 86 85 90 83 91 87 88 15 18 22 20 16 17 13 21 14 19
54 53 56 57 60 62 61 55 59 58 27 23 26 30 29 31 25 28 32 24 52 48 47 43 49 44 50 51 46 45 89 87 83 86 88 84 85 90 91 92 16 22 20 19 13 18 17 21 14 15 63 70 72 71 66 67 64 68 69 65 42 38 40 33 36 35 34 39 41 37 100 98 97  2 99 94 95 93 96  1 74 82 79 76 75 80 73 81 77 78  5  8 12 10  6  7  3 11  4  9
44 43 46 47 50 52 51 45 49 48 17 13 16 20 19 21 15 18 22 14 42 38 37 33 39 34 40 41 36 35 79 77 73 76 78 74 75 80 81 82  6 12 10  9  3  8  7 11  4  5 53 60 62 61 56 57 54 58 59 55 32 28 30 23 26 25 24 29 31 27 90 88 87 92 89 84 85 83 86 91 64 72 69 66 65 70 63 71 67 68 95 98  2 100 96 97 93  1 94 99
34 33 36 37 40 42 41 35 39 38  7  3  6 10  9 11  5  8 12  4 32 28 27 23 29 24 30 31 26 25 69 67 63 66 68 64 65 70 71 72 96  2 100 99 93 98 97  1 94 95 43 50 52 51 46 47 44 48 49 45 22 18 20 13 16 15 14 19 21 17 80 78 77 82 79 74 75 73 76 81 54 62 59 56 55 60 53 61 57 58 85 88 92 90 86 87 83 91 84 89
14 13 16 17 20 22 21 15 19 18 87 83 86 90 89 91 85 88 92 84 12  8  7  3  9  4 10 11  6  5 49 47 43 46 48 44 45 50 51 52 76 82 80 79 73 78 77 81 74 75 23 30 32 31 26 27 24 28 29 25  2 98 100 93 96 95 94 99  1 97 60 58 57 62 59 54 55 53 56 61 34 42 39 36 35 40 33 41 37 38 65 68 72 70 66 67 63 71 64 69
74 73 76 77 80 82 81 75 79 78 47 43 46 50 49 51 45 48 52 44 72 68 67 63 69 64 70 71 66 65  9  7  3  6  8  4  5 10 11 12 36 42 40 39 33 38 37 41 34 35 83 90 92 91 86 87 84 88 89 85 62 58 60 53 56 55 54 59 61 57 20 18 17 22 19 14 15 13 16 21 94  2 99 96 95 100 93  1 97 98 25 28 32 30 26 27 23 31 24 29
84 83 86 87 90 92 91 85 89 88 57 53 56 60 59 61 55 58 62 54 82 78 77 73 79 74 80 81 76 75 19 17 13 16 18 14 15 20 21 22 46 52 50 49 43 48 47 51 44 45 93 100  2  1 96 97 94 98 99 95 72 68 70 63 66 65 64 69 71 67 30 28 27 32 29 24 25 23 26 31  4 12  9  6  5 10  3 11  7  8 35 38 42 40 36 37 33 41 34 39
24 23 26 27 30 32 31 25 29 28 97 93 96 100 99  1 95 98  2 94 22 18 17 13 19 14 20 21 16 15 59 57 53 56 58 54 55 60 61 62 86 92 90 89 83 88 87 91 84 85 33 40 42 41 36 37 34 38 39 35 12  8 10  3  6  5  4  9 11  7 70 68 67 72 69 64 65 63 66 71 44 52 49 46 45 50 43 51 47 48 75 78 82 80 76 77 73 81 74 79
42 41 44 45 48 50 49 43 47 46 15 11 14 18 17 19 13 16 20 12 40 36 35 31 37 32 38 39 34 33 77 75 71 74 76 72 73 78 79 80  4 10  8  7  1  6  5  9  2  3 51 58 60 59 54 55 52 56 57 53 30 26 28 21 24 23 22 27 29 25 88 86 85 90 87 82 83 81 84 89 62 70 67 64 63 68 61 69 65 66 93 96 100 98 94 95 91 99 92 97
 2  1  4  5  8 10  9  3  7  6 75 71 74 78 77 79 73 76 80 72 100 96 95 91 97 92 98 99 94 93 37 35 31 34 36 32 33 38 39 40 64 70 68 67 61 66 65 69 62 63 11 18 20 19 14 15 12 16 17 13 90 86 88 81 84 83 82 87 89 85 48 46 45 50 47 42 43 41 44 49 22 30 27 24 23 28 21 29 25 26 53 56 60 58 54 55 51 59 52 57
12 11 14 15 18 20 19 13 17 16 85 81 84 88 87 89 83 86 90 82 10  6  5  1  7  2  8  9  4  3 47 45 41 44 46 42 43 48 49 50 74 80 78 77 71 76 75 79 72 73 21 28 30 29 24 25 22 26 27 23 100 96 98 91 94 93 92 97 99 95 58 56 55 60 57 52 53 51 54 59 32 40 37 34 33 38 31 39 35 36 63 66 70 68 64 65 61 69 62 67
62 61 64 65 68 70 69 63 67 66 35 31 34 38 37 39 33 36 40 32 60 56 55 51 57 52 58 59 54 53 97 95 91 94 96 92 93 98 99 100 24 30 28 27 21 26 25 29 22 23 71 78 80 79 74 75 72 76 77 73 50 46 48 41 44 43 42 47 49 45  8  6  5 10  7  2  3  1  4  9 82 90 87 84 83 88 81 89 85 86 13 16 20 18 14 15 11 19 12 17
32 31 34 35 38 40 39 33 37 36  5  1  4  8  7  9  3  6 10  2 30 26 25 21 27 22 28 29 24 23 67 65 61 64 66 62 63 68 69 70 94 100 98 97 91 96 95 99 92 93 41 48 50 49 44 45 42 46 47 43 20 16 18 11 14 13 12 17 19 15 78 76 75 80 77 72 73 71 74 79 52 60 57 54 53 58 51 59 55 56 83 86 90 88 84 85 81 89 82 87
52 51 54 55 58 60 59 53 57 56 25 21 24 28 27 29 23 26 30 22 50 46 45 41 47 42 48 49 44 43 87 85 81 84 86 82 83 88 89 90 14 20 18 17 11 16 15 19 12 13 61 68 70 69 64 65 62 66 67 63 40 36 38 31 34 33 32 37 39 35 98 96 95 100 97 92 93 91 94 99 72 80 77 74 73 78 71 79 75 76  3  6 10  8  4  5  1  9  2  7
82 81 84 85 88 90 89 83 87 86 55 51 54 58 57 59 53 56 60 52 80 76 75 71 77 72 78 79 74 73 17 15 11 14 16 12 13 18 19 20 44 50 48 47 41 46 45 49 42 43 91 98 100 99 94 95 92 96 97 93 70 66 68 61 64 63 62 67 69 65 28 26 25 30 27 22 23 21 24 29  2 10  7  4  3  8  1  9  5  6 33 36 40 38 34 35 31 39 32 37
22 21 24 25 28 30 29 23 27 26 95 91 94 98 97 99 93 96 100 92 20 16 15 11 17 12 18 19 14 13 57 55 51 54 56 52 53 58 59 60 84 90 88 87 81 86 85 89 82 83 31 38 40 39 34 35 32 36 37 33 10  6  8  1  4  3  2  7  9  5 68 66 65 70 67 62 63 61 64 69 42 50 47 44 43 48 41 49 45 46 73 76 80 78 74 75 71 79 72 77
92 91 94 95 98 100 99 93 97 96 65 61 64 68 67 69 63 66 70 62 90 86 85 81 87 82 88 89 84 83 27 25 21 24 26 22 23 28 29 30 54 60 58 57 51 56 55 59 52 53  1  8 10  9  4  5  2  6  7  3 80 76 78 71 74 73 72 77 79 75 38 36 35 40 37 32 33 31 34 39 12 20 17 14 13 18 11 19 15 16 43 46 50 48 44 45 41 49 42 47
72 71 74 75 78 80 79 73 77 76 45 41 44 48 47 49 43 46 50 42 70 66 65 61 67 62 68 69 64 63  7  5  1  4  6  2  3  8  9 10 34 40 38 37 31 36 35 39 32 33 81 88 90 89 84 85 82 86 87 83 60 56 58 51 54 53 52 57 59 55 18 16 15 20 17 12 13 11 14 19 92 100 97 94 93 98 91 99 95 96 23 26 30 28 24 25 21 29 22 27
76 75 78 79 82 84 83 77 81 80 49 45 48 52 51 53 47 50 54 46 74 70 69 65 71 66 72 73 68 67 11  9  5  8 10  6  7 12 13 14 38 44 42 41 35 40 39 43 36 37 85 92 94 93 88 89 86 90 91 87 64 60 62 55 58 57 56 61 63 59 22 20 19 24 21 16 17 15 18 23 96  4  1 98 97  2 95  3 99 100 27 30 34 32 28 29 25 33 26 31
56 55 58 59 62 64 63 57 61 60 29 25 28 32 31 33 27 30 34 26 54 50 49 45 51 46 52 53 48 47 91 89 85 88 90 86 87 92 93 94 18 24 22 21 15 20 19 23 16 17 65 72 74 73 68 69 66 70 71 67 44 40 42 35 38 37 36 41 43 39  2 100 99  4  1 96 97 95 98  3 76 84 81 78 77 82 75 83 79 80  7 10 14 12  8  9  5 13  6 11
46 45 48 49 52 54 53 47 51 50 19 15 18 22 21 23 17 20 24 16 44 40 39 35 41 36 42 43 38 37 81 79 75 78 80 76 77 82 83 84  8 14 12 11  5 10  9 13  6  7 55 62 64 63 58 59 56 60 61 57 34 30 32 25 28 27 26 31 33 29 92 90 89 94 91 86 87 85 88 93 66 74 71 68 67 72 65 73 69 70 97 100  4  2 98 99 95  3 96  1
26 25 28 29 32 34 33 27 31 30 99 95 98  2  1  3 97 100  4 96 24 20 19 15 21 16 22 23 18 17 61 59 55 58 60 56 57 62 63 64 88 94 92 91 85 90 89 93 86 87 35 42 44 43 38 39 36 40 41 37 14 10 12  5  8  7  6 11 13  9 72 70 69 74 71 66 67 65 68 73 46 54 51 48 47 52 45 53 49 50 77 80 84 82 78 79 75 83 76 81
 6  5  8  9 12 14 13  7 11 10 79 75 78 82 81 83 77 80 84 76  4 100 99 95  1 96  2  3 98 97 41 39 35 38 40 36 37 42 43 44 68 74 72 71 65 70 69 73 66 67 15 22 24 23 18 19 16 20 21 17 94 90 92 85 88 87 86 91 93 89 52 50 49 54 51 46 47 45 48 53 26 34 31 28 27 32 25 33 29 30 57 60 64 62 58 59 55 63 56 61
96 95 98 99  2  4  3 97  1 100 69 65 68 72 71 73 67 70 74 66 94 90 89 85 91 86 92 93 88 87 31 29 25 28 30 26 27 32 33 34 58 64 62 61 55 60 59 63 56 57  5 12 14 13  8  9  6 10 11  7 84 80 82 75 78 77 76 81 83 79 42 40 39 44 41 36 37 35 38 43 16 24 21 18 17 22 15 23 19 20 47 50 54 52 48 49 45 53 46 51
36 35 38 39 42 44 43 37 41 40  9  5  8 12 11 13  7 10 14  6 34 30 29 25 31 26 32 33 28 27 71 69 65 68 70 66 67 72 73 74 98  4  2  1 95 100 99  3 96 97 45 52 54 53 48 49 46 50 51 47 24 20 22 15 18 17 16 21 23 19 82 80 79 84 81 76 77 75 78 83 56 64 61 58 57 62 55 63 59 60 87 90 94 92 88 89 85 93 86 91
66 65 68 69 72 74 73 67 71 70 39 35 38 42 41 43 37 40 44 36 64 60 59 55 61 56 62 63 58 57  1 99 95 98 100 96 97  2  3  4 28 34 32 31 25 30 29 33 26 27 75 82 84 83 78 79 76 80 81 77 54 50 52 45 48 47 46 51 53 49 12 10  9 14 11  6  7  5  8 13 86 94 91 88 87 92 85 93 89 90 17 20 24 22 18 19 15 23 16 21
16 15 18 19 22 24 23 17 21 20 89 85 88 92 91 93 87 90 94 86 14 10  9  5 11  6 12 13  8  7 51 49 45 48 50 46 47 52 53 54 78 84 82 81 75 80 79 83 76 77 25 32 34 33 28 29 26 30 31 27  4 100  2 95 98 97 96  1  3 99 62 60 59 64 61 56 57 55 58 63 36 44 41 38 37 42 35 43 39 40 67 70 74 72 68 69 65 73 66 71
86 85 88 89 92 94 93 87 91 90 59 55 58 62 61 63 57 60 64 56 84 80 79 75 81 76 82 83 78 77 21 19 15 18 20 16 17 22 23 24 48 54 52 51 45 50 49 53 46 47 95  2  4  3 98 99 96 100  1 97 74 70 72 65 68 67 66 71 73 69 32 30 29 34 31 26 27 25 28 33  6 14 11  8  7 12  5 13  9 10 37 40 44 42 38 39 35 43 36 41
27 26 29 30 33 35 34 28 32 31 100 96 99  3  2  4 98  1  5 97 25 21 20 16 22 17 23 24 19 18 62 60 56 59 61 57 58 63 64 65 89 95 93 92 86 91 90 94 87 88 36 43 45 44 39 40 37 41 42 38 15 11 13  6  9  8  7 12 14 10 73 71 70 75 72 67 68 66 69 74 47 55 52 49 48 53 46 54 50 51 78 81 85 83 79 80 76 84 77 82
 7  6  9 10 13 15 14  8 12 11 80 76 79 83 82 84 78 81 85 77  5  1 100 96  2 97  3  4 99 98 42 40 36 39 41 37 38 43 44 45 69 75 73 72 66 71 70 74 67 68 16 23 25 24 19 20 17 21 22 18 95 91 93 86 89 88 87 92 94 90 53 51 50 55 52 47 48 46 49 54 27 35 32 29 28 33 26 34 30 31 58 61 65 63 59 60 56 64 57 62
77 76 79 80 83 85 84 78 82 81 50 46 49 53 52 54 48 51 55 47 75 71 70 66 72 67 73 74 69 68 12 10  6  9 11  7  8 13 14 15 39 45 43 42 36 41 40 44 37 38 86 93 95 94 89 90 87 91 92 88 65 61 63 56 59 58 57 62 64 60 23 21 20 25 22 17 18 16 19 24 97  5  2 99 98  3 96  4 100  1 28 31 35 33 29 30 26 34 27 32
37 36 39 40 43 45 44 38 42 41 10  6  9 13 12 14  8 11 15  7 35 31 30 26 32 27 33 34 29 28 72 70 66 69 71 67 68 73 74 75 99  5  3  2 96  1 100  4 97 98 46 53 55 54 49 50 47 51 52 48 25 21 23 16 19 18 17 22 24 20 83 81 80 85 82 77 78 76 79 84 57 65 62 59 58 63 56 64 60 61 88 91 95 93 89 90 86 94 87 92
47 46 49 50 53 55 54 48 52 51 20 16 19 23 22 24 18 21 25 17 45 41 40 36 42 37 43 44 39 38 82 80 76 79 81 77 78 83 84 85  9 15 13 12  6 11 10 14  7  8 56 63 65 64 59 60 57 61 62 58 35 31 33 26 29 28 27 32 34 30 93 91 90 95 92 87 88 86 89 94 67 75 72 69 68 73 66 74 70 71 98  1  5  3 99 100 96  4 97  2
67 66 69 70 73 75 74 68 72 71 40 36 39 43 42 44 38 41 45 37 65 61 60 56 62 57 63 64 59 58  2 100 96 99  1 97 98  3  4  5 29 35 33 32 26 31 30 34 27 28 76 83 85 84 79 80 77 81 82 78 55 51 53 46 49 48 47 52 54 50 13 11 10 15 12  7  8  6  9 14 87 95 92 89 88 93 86 94 90 91 18 21 25 23 19 20 16 24 17 22
57 56 59 60 63 65 64 58 62 61 30 26 29 33 32 34 28 31 35 27 55 51 50 46 52 47 53 54 49 48 92 90 86 89 91 87 88 93 94 95 19 25 23 22 16 21 20 24 17 18 66 73 75 74 69 70 67 71 72 68 45 41 43 36 39 38 37 42 44 40  3  1 100  5  2 97 98 96 99  4 77 85 82 79 78 83 76 84 80 81  8 11 15 13  9 10  6 14  7 12
97 96 99 100  3  5  4 98  2  1 70 66 69 73 72 74 68 71 75 67 95 91 90 86 92 87 93 94 89 88 32 30 26 29 31 27 28 33 34 35 59 65 63 62 56 61 60 64 57 58  6 13 15 14  9 10  7 11 12  8 85 81 83 76 79 78 77 82 84 80 43 41 40 45 42 37 38 36 39 44 17 25 22 19 18 23 16 24 20 21 48 51 55 53 49 50 46 54 47 52
17 16 19 20 23 25 24 18 22 21 90 86 89 93 92 94 88 91 95 87 15 11 10  6 12  7 13 14  9  8 52 50 46 49 51 47 48 53 54 55 79 85 83 82 76 81 80 84 77 78 26 33 35 34 29 30 27 31 32 28  5  1  3 96 99 98 97  2  4 100 63 61 60 65 62 57 58 56 59 64 37 45 42 39 38 43 36 44 40 41 68 71 75 73 69 70 66 74 67 72
87 86 89 90 93 95 94 88 92 91 60 56 59 63 62 64 58 61 65 57 85 81 80 76 82 77 83 84 79 78 22 20 16 19 21 17 18 23 24 25 49 55 53 52 46 51 50 54 47 48 96  3  5  4 99 100 97  1  2 98 75 71 73 66 69 68 67 72 74 70 33 31 30 35 32 27 28 26 29 34  7 15 12  9  8 13  6 14 10 11 38 41 45 43 39 40 36 44 37 42
63 62 65 66 69 71 70 64 68 67 36 32 35 39 38 40 34 37 41 33 61 57 56 52 58 53 59 60 55 54 98 96 92 95 97 93 94 99 100  1 25 31 29 28 22 27 26 30 23 24 72 79 81 80 75 76 73 77 78 74 51 47 49 42 45 44 43 48 50 46  9  7  6 11  8  3  4  2  5 10 83 91 88 85 84 89 82 90 86 87 14 17 21 19 15 16 12 20 13 18
33 32 35 36 39 41 40 34 38 37  6  2  5  9  8 10  4  7 11  3 31 27 26 22 28 23 29 30 25 24 68 66 62 65 67 63 64 69 70 71 95  1 99 98 92 97 96 100 93 94 42 49 51 50 45 46 43 47 48 44 21 17 19 12 15 14 13 18 20 16 79 77 76 81 78 73 74 72 75 80 53 61 58 55 54 59 52 60 56 57 84 87 91 89 85 86 82 90 83 88
23 22 25 26 29 31 30 24 28 27 96 92 95 99 98 100 94 97  1 93 21 17 16 12 18 13 19 20 15 14 58 56 52 55 57 53 54 59 60 61 85 91 89 88 82 87 86 90 83 84 32 39 41 40 35 36 33 37 38 34 11  7  9  2  5  4  3  8 10  6 69 67 66 71 68 63 64 62 65 70 43 51 48 45 44 49 42 50 46 47 74 77 81 79 75 76 72 80 73 78
83 82 85 86 89 91 90 84 88 87 56 52 55 59 58 60 54 57 61 53 81 77 76 72 78 73 79 80 75 74 18 16 12 15 17 13 14 19 20 21 45 51 49 48 42 47 46 50 43 44 92 99  1 100 95 96 93 97 98 94 71 67 69 62 65 64 63 68 70 66 29 27 26 31 28 23 24 22 25 30  3 11  8  5  4  9  2 10  6  7 34 37 41 39 35 36 32 40 33 38
73 72 75 76 79 81 80 74 78 77 46 42 45 49 48 50 44 47 51 43 71 67 66 62 68 63 69 70 65 64  8  6  2  5  7  3  4  9 10 11 35 41 39 38 32 37 36 40 33 34 82 89 91 90 85 86 83 87 88 84 61 57 59 52 55 54 53 58 60 56 19 17 16 21 18 13 14 12 15 20 93  1 98 95 94 99 92 100 96 97 24 27 31 29 25 26 22 30 23 28
53 52 55 56 59 61 60 54 58 57 26 22 25 29 28 30 24 27 31 23 51 47 46 42 48 43 49 50 45 44 88 86 82 85 87 83 84 89 90 91 15 21 19 18 12 17 16 20 13 14 62 69 71 70 65 66 63 67 68 64 41 37 39 32 35 34 33 38 40 36 99 97 96  1 98 93 94 92 95 100 73 81 78 75 74 79 72 80 76 77  4  7 11  9  5  6  2 10  3  8
43 42 45 46 49 51 50 44 48 47 16 12 15 19 18 20 14 17 21 13 41 37 36 32 38 33 39 40 35 34 78 76 72 75 77 73 74 79 80 81  5 11  9  8  2  7  6 10  3  4 52 59 61 60 55 56 53 57 58 54 31 27 29 22 25 24 23 28 30 26 89 87 86 91 88 83 84 82 85 90 63 71 68 65 64 69 62 70 66 67 94 97  1 99 95 96 92 100 93 98
13 12 15 16 19 21 20 14 18 17 86 82 85 89 88 90 84 87 91 83 11  7  6  2  8  3  9 10  5  4 48 46 42 45 47 43 44 49 50 51 75 81 79 78 72 77 76 80 73 74 22 29 31 30 25 26 23 27 28 24  1 97 99 92 95 94 93 98 100 96 59 57 56 61 58 53 54 52 55 60 33 41 38 35 34 39 32 40 36 37 64 67 71 69 65 66 62 70 63 68
93 92 95 96 99  1 100 94 98 97 66 62 65 69 68 70 64 67 71 63 91 87 86 82 88 83 89 90 85 84 28 26 22 25 27 23 24 29 30 31 55 61 59 58 52 57 56 60 53 54  2  9 11 10  5  6  3  7  8  4 81 77 79 72 75 74 73 78 80 76 39 37 36 41 38 33 34 32 35 40 13 21 18 15 14 19 12 20 16 17 44 47 51 49 45 46 42 50 43 48
 3  2  5  6  9 11 10  4  8  7 76 72 75 79 78 80 74 77 81 73  1 97 96 92 98 93 99 100 95 94 38 36 32 35 37 33 34 39 40 41 65 71 69 68 62 67 66 70 63 64 12 19 21 20 15 16 13 17 18 14 91 87 89 82 85 84 83 88 90 86 49 47 46 51 48 43 44 42 45 50 23 31 28 25 24 29 22 30 26 27 54 57 61 59 55 56 52 60 53 58
98 97 100  1  4  6  5 99  3  2 71 67 70 74 73 75 69 72 76 68 96 92 91 87 93 88 94 95 90 89 33 31 27 30 32 28 29 34 35 36 60 66 64 63 57 62 61 65 58 59  7 14 16 15 10 11  8 12 13  9 86 82 84 77 80 79 78 83 85 81 44 42 41 46 43 38 39 37 40 45 18 26 23 20 19 24 17 25 21 22 49 52 56 54 50 51 47 55 48 53
78 77 80 81 84 86 85 79 83 82 51 47 50 54 53 55 49 52 56 48 76 72 71 67 73 68 74 75 70 69 13 11  7 10 12  8  9 14 15 16 40 46 44 43 37 42 41 45 38 39 87 94 96 95 90 91 88 92 93 89 66 62 64 57 60 59 58 63 65 61 24 22 21 26 23 18 19 17 20 25 98  6  3 100 99  4 97  5  1  2 29 32 36 34 30 31 27 35 28 33
68 67 70 71 74 76 75 69 73 72 41 37 40 44 43 45 39 42 46 38 66 62 61 57 63 58 64 65 60 59  3  1 97 100  2 98 99  4  5  6 30 36 34 33 27 32 31 35 28 29 77 84 86 85 80 81 78 82 83 79 56 52 54 47 50 49 48 53 55 51 14 12 11 16 13  8  9  7 10 15 88 96 93 90 89 94 87 95 91 92 19 22 26 24 20 21 17 25 18 23
18 17 20 21 24 26 25 19 23 22 91 87 90 94 93 95 89 92 96 88 16 12 11  7 13  8 14 15 10  9 53 51 47 50 52 48 49 54 55 56 80 86 84 83 77 82 81 85 78 79 27 34 36 35 30 31 28 32 33 29  6  2  4 97 100 99 98  3  5  1 64 62 61 66 63 58 59 57 60 65 38 46 43 40 39 44 37 45 41 42 69 72 76 74 70 71 67 75 68 73
48 47 50 51 54 56 55 49 53 52 21 17 20 24 23 25 19 22 26 18 46 42 41 37 43 38 44 45 40 39 83 81 77 80 82 78 79 84 85 86 10 16 14 13  7 12 11 15  8  9 57 64 66 65 60 61 58 62 63 59 36 32 34 27 30 29 28 33 35 31 94 92 91 96 93 88 89 87 90 95 68 76 73 70 69 74 67 75 71 72 99  2  6  4 100  1 97  5 98  3
58 57 60 61 64 66 65 59 63 62 31 27 30 34 33 35 29 32 36 28 56 52 51 47 53 48 54 55 50 49 93 91 87 90 92 88 89 94 95 96 20 26 24 23 17 22 21 25 18 19 67 74 76 75 70 71 68 72 73 69 46 42 44 37 40 39 38 43 45 41  4  2  1  6  3 98 99 97 100  5 78 86 83 80 79 84 77 85 81 82  9 12 16 14 10 11  7 15  8 13
 8  7 10 11 14 16 15  9 13 12 81 77 80 84 83 85 79 82 86 78  6  2  1 97  3 98  4  5 100 99 43 41 37 40 42 38 39 44 45 46 70 76 74 73 67 72 71 75 68 69 17 24 26 25 20 21 18 22 23 19 96 92 94 87 90 89 88 93 95 91 54 52 51 56 53 48 49 47 50 55 28 36 33 30 29 34 27 35 31 32 59 62 66 64 60 61 57 65 58 63
88 87 90 91 94 96 95 89 93 92 61 57 60 64 63 65 59 62 66 58 86 82 81 77 83 78 84 85 80 79 23 21 17 20 22 18 19 24 25 26 50 56 54 53 47 52 51 55 48 49 97  4  6  5 100  1 98  2  3 99 76 72 74 67 70 69 68 73 75 71 34 32 31 36 33 28 29 27 30 35  8 16 13 10  9 14  7 15 11 12 39 42 46 44 40 41 37 45 38 43
28 27 30 31 34 36 35 29 33 32  1 97 100  4  3  5 99  2  6 98 26 22 21 17 23 18 24 25 20 19 63 61 57 60 62 58 59 64 65 66 90 96 94 93 87 92 91 95 88 89 37 44 46 45 40 41 38 42 43 39 16 12 14  7 10  9  8 13 15 11 74 72 71 76 73 68 69 67 70 75 48 56 53 50 49 54 47 55 51 52 79 82 86 84 80 81 77 85 78 83
38 37 40 41 44 46 45 39 43 42 11  7 10 14 13 15  9 12 16  8 36 32 31 27 33 28 34 35 30 29 73 71 67 70 72 68 69 74 75 76 100  6  4  3 97  2  1  5 98 99 47 54 56 55 50 51 48 52 53 49 26 22 24 17 20 19 18 23 25 21 84 82 81 86 83 78 79 77 80 85 58 66 63 60 59 64 57 65 61 62 89 92 96 94 90 91 87 95 88 93
99 98  1  2  5  7  6 100  4  3 72 68 71 75 74 76 70 73 77 69 97 93 92 88 94 89 95 96 91 90 34 32 28 31 33 29 30 35 36 37 61 67 65 64 58 63 62 66 59 60  8 15 17 16 11 12  9 13 14 10 87 83 85 78 81 80 79 84 86 82 45 43 42 47 44 39 40 38 41 46 19 27 24 21 20 25 18 26 22 23 50 53 57 55 51 52 48 56 49 54
89 88 91 92 95 97 96 90 94 93 62 58 61 65 64 66 60 63 67 59 87 83 82 78 84 79 85 86 81 80 24 22 18 21 23 19 20 25 26 27 51 57 55 54 48 53 52 56 49 50 98  5  7  6  1  2 99  3  4 100 77 73 75 68 71 70 69 74 76 72 35 33 32 37 34 29 30 28 31 36  9 17 14 11 10 15  8 16 12 13 40 43 47 45 41 42 38 46 39 44
29 28 31 32 35 37 36 30 34 33  2 98  1  5  4  6 100  3  7 99 27 23 22 18 24 19 25 26 21 20 64 62 58 61 63 59 60 65 66 67 91 97 95 94 88 93 92 96 89 90 38 45 47 46 41 42 39 43 44 40 17 13 15  8 11 10  9 14 16 12 75 73 72 77 74 69 70 68 71 76 49 57 54 51 50 55 48 56 52 53 80 83 87 85 81 82 78 86 79 84
39 38 41 42 45 47 46 40 44 43 12  8 11 15 14 16 10 13 17  9 37 33 32 28 34 29 35 36 31 30 74 72 68 71 73 69 70 75 76 77  1  7  5  4 98  3  2  6 99 100 48 55 57 56 51 52 49 53 54 50 27 23 25 18 21 20 19 24 26 22 85 83 82 87 84 79 80 78 81 86 59 67 64 61 60 65 58 66 62 63 90 93 97 95 91 92 88 96 89 94
59 58 61 62 65 67 66 60 64 63 32 28 31 35 34 36 30 33 37 29 57 53 52 48 54 49 55 56 51 50 94 92 88 91 93 89 90 95 96 97 21 27 25 24 18 23 22 26 19 20 68 75 77 76 71 72 69 73 74 70 47 43 45 38 41 40 39 44 46 42  5  3  2  7  4 99 100 98  1  6 79 87 84 81 80 85 78 86 82 83 10 13 17 15 11 12  8 16  9 14
19 18 21 22 25 27 26 20 24 23 92 88 91 95 94 96 90 93 97 89 17 13 12  8 14  9 15 16 11 10 54 52 48 51 53 49 50 55 56 57 81 87 85 84 78 83 82 86 79 80 28 35 37 36 31 32 29 33 34 30  7  3  5 98  1 100 99  4  6  2 65 63 62 67 64 59 60 58 61 66 39 47 44 41 40 45 38 46 42 43 70 73 77 75 71 72 68 76 69 74
 9  8 11 12 15 17 16 10 14 13 82 78 81 85 84 86 80 83 87 79  7  3  2 98  4 99  5  6  1 100 44 42 38 41 43 39 40 45 46 47 71 77 75 74 68 73 72 76 69 70 18 25 27 26 21 22 19 23 24 20 97 93 95 88 91 90 89 94 96 92 55 53 52 57 54 49 50 48 51 56 29 37 34 31 30 35 28 36 32 33 60 63 67 65 61 62 58 66 59 64
69 68 71 72 75 77 76 70 74 73 42 38 41 45 44 46 40 43 47 39 67 63 62 58 64 59 65 66 61 60  4  2 98  1  3 99 100  5  6  7 31 37 35 34 28 33 32 36 29 30 78 85 87 86 81 82 79 83 84 80 57 53 55 48 51 50 49 54 56 52 15 13 12 17 14  9 10  8 11 16 89 97 94 91 90 95 88 96 92 93 20 23 27 25 21 22 18 26 19 24
79 78 81 82 85 87 86 80 84 83 52 48 51 55 54 56 50 53 57 49 77 73 72 68 74 69 75 76 71 70 14 12  8 11 13  9 10 15 16 17 41 47 45 44 38 43 42 46 39 40 88 95 97 96 91 92 89 93 94 90 67 63 65 58 61 60 59 64 66 62 25 23 22 27 24 19 20 18 21 26 99  7  4  1 100  5 98  6  2  3 30 33 37 35 31 32 28 36 29 34
49 48 51 52 55 57 56 50 54 53 22 18 21 25 24 26 20 23 27 19 47 43 42 38 44 39 45 46 41 40 84 82 78 81 83 79 80 85 86 87 11 17 15 14  8 13 12 16  9 10 58 65 67 66 61 62 59 63 64 60 37 33 35 28 31 30 29 34 36 32 95 93 92 97 94 89 90 88 91 96 69 77 74 71 70 75 68 76 72 73 100  3  7  5  1  2 98  6 99  4
61 60 63 64 67 69 68 62 66 65 34 30 33 37 36 38 32 35 39 31 59 55 54 50 56 51 57 58 53 52 96 94 90 93 95 91 92 97 98 99 23 29 27 26 20 25 24 28 21 22 70 77 79 78 73 74 71 75 76 72 49 45 47 40 43 42 41 46 48 44  7  5  4  9  6  1  2 100  3  8 81 89 86 83 82 87 80 88 84 85 12 15 19 17 13 14 10 18 11 16
81 80 83 84 87 89 88 82 86 85 54 50 53 57 56 58 52 55 59 51 79 75 74 70 76 71 77 78 73 72 16 14 10 13 15 11 12 17 18 19 43 49 47 46 40 45 44 48 41 42 90 97 99 98 93 94 91 95 96 92 69 65 67 60 63 62 61 66 68 64 27 25 24 29 26 21 22 20 23 28  1  9  6  3  2  7 100  8  4  5 32 35 39 37 33 34 30 38 31 36
51 50 53 54 57 59 58 52 56 55 24 20 23 27 26 28 22 25 29 21 49 45 44 40 46 41 47 48 43 42 86 84 80 83 85 81 82 87 88 89 13 19 17 16 10 15 14 18 11 12 60 67 69 68 63 64 61 65 66 62 39 35 37 30 33 32 31 36 38 34 97 95 94 99 96 91 92 90 93 98 71 79 76 73 72 77 70 78 74 75  2  5  9  7  3  4 100  8  1  6
 1 100  3  4  7  9  8  2  6  5 74 70 73 77 76 78 72 75 79 71 99 95 94 90 96 91 97 98 93 92 36 34 30 33 35 31 32 37 38 39 63 69 67 66 60 65 64 68 61 62 10 17 19 18 13 14 11 15 16 12 89 85 87 80 83 82 81 86 88 84 47 45 44 49 46 41 42 40 43 48 21 29 26 23 22 27 20 28 24 25 52 55 59 57 53 54 50 58 51 56
31 30 33 34 37 39 38 32 36 35  4 100  3  7  6  8  2  5  9  1 29 25 24 20 26 21 27 28 23 22 66 64 60 63 65 61 62 67 68 69 93 99 97 96 90 95 94 98 91 92 40 47 49 48 43 44 41 45 46 42 19 15 17 10 13 12 11 16 18 14 77 75 74 79 76 71 72 70 73 78 51 59 56 53 52 57 50 58 54 55 82 85 89 87 83 84 80 88 81 86
71 70 73 74 77 79 78 72 76 75 44 40 43 47 46 48 42 45 49 41 69 65 64 60 66 61 67 68 63 62  6  4 100  3  5  1  2  7  8  9 33 39 37 36 30 35 34 38 31 32 80 87 89 88 83 84 81 85 86 82 59 55 57 50 53 52 51 56 58 54 17 15 14 19 16 11 12 10 13 18 91 99 96 93 92 97 90 98 94 95 22 25 29 27 23 24 20 28 21 26
41 40 43 44 47 49 48 42 46 45 14 10 13 17 16 18 12 15 19 11 39 35 34 30 36 31 37 38 33 32 76 74 70 73 75 71 72 77 78 79  3  9  7  6 100  5  4  8  1  2 50 57 59 58 53 54 51 55 56 52 29 25 27 20 23 22 21 26 28 24 87 85 84 89 86 81 82 80 83 88 61 69 66 63 62 67 60 68 64 65 92 95 99 97 93 94 90 98 91 96
21 20 23 24 27 29 28 22 26 25 94 90 93 97 96 98 92 95 99 91 19 15 14 10 16 11 17 18 13 12 56 54 50 53 55 51 52 57 58 59 83 89 87 86 80 85 84 88 81 82 30 37 39 38 33 34 31 35 36 32  9  5  7 100  3  2  1  6  8  4 67 65 64 69 66 61 62 60 63 68 41 49 46 43 42 47 40 48 44 45 72 75 79 77 73 74 70 78 71 76
11 10 13 14 17 19 18 12 16 15 84 80 83 87 86 88 82 85 89 81  9  5  4 100  6  1  7  8  3  2 46 44 40 43 45 41 42 47 48 49 73 79 77 76 70 75 74 78 71 72 20 27 29 28 23 24 21 25 26 22 99 95 97 90 93 92 91 96 98 94 57 55 54 59 56 51 52 50 53 58 31 39 36 33 32 37 30 38 34 35 62 65 69 67 63 64 60 68 61 66
91 90 93 94 97 99 98 92 96 95 64 60 63 67 66 68 62 65 69 61 89 85 84 80 86 81 87 88 83 82 26 24 20 23 25 21 22 27 28 29 53 59 57 56 50 55 54 58 51 52 100  7  9  8  3  4  1  5  6  2 79 75 77 70 73 72 71 76 78 74 37 35 34 39 36 31 32 30 33 38 11 19 16 13 12 17 10 18 14 15 42 45 49 47 43 44 40 48 41 46